0,515
0,514
0,513
76,52
76,51
76,50
76,49
76,48
76,47
76,46
76,45
76,44
76,43
76,42
76,41
76,40
76,39
76,38
76,37
76,36
17,2
17,1
17,3
15,2
15,1
15,3
16,2
16,1
16,3
13,2
14,2
4,16
4,17
4,41
4,40
4,26
4,4
4,13
4,15
4,79
4,11
4,36
4,71
4,23
4,1
4,75
4,2
4,3
6,7
6,8
6,1
6,5
6,2
6,3
7,10
7,8
7,7
7,4
7,5
7,9
7,2
7,3
5,4
5,2
5,1
5,3
0,273
0,270
76,35
51,1
51,3
45,2
45,4
45,1
45,3
14,7
3,2
3,1
3,3
10,216
10,116
10,264
10,194
10,12
10,274
11,17
8,9
8,7
8,18
50,3
50,1
44,3
44,1
43,3
43,1
41,3
41,1
38,3
38,1
36,3
36,1
34,3
34,1
32,3
32,1
27,3
27,1
24,3
24,1
20,3
20,2
20,1
19,3
19,2
19,1
12,3
12,2
12,1
11,30
11,29
11,28
11,27
11,26
11,25
11,24
11,23
11,22
11,21
11,19
11,18
11,14
11,13
